MIDDLE BLOCKS HISTORY | PATTERN SELECTED : GLIDER_GUN | LAUNCH DATE : 2023/07/04 21:43:23

Ticks,Middle Block 0 X,Middle Block 0 Y,Middle Block 1 X,Middle Block 1 Y,Middle Block 2 X,Middle Block 2 Y,Middle Block 3 X,Middle Block 3 Y,Middle Block 4 X,Middle Block 4 Y,Middle Block 5 X,Middle Block 5 Y,Middle Block 6 X,Middle Block 6 Y,Middle Block 7 X,Middle Block 7 Y,Middle Block 8 X,Middle Block 8 Y,Middle Block 9 X,Middle Block 9 Y
0,11.0,38.0,6.0,37.0,17.0,38.0,0.0,37.0,5.0,37.0,10.0,38.0,17.0,38.0,0.0,37.0,8.0,37.0,12.0,37.0
1,10.0,38.0,5.0,37.0,17.0,38.0,0.0,37.0,5.0,37.0,10.0,38.0,17.0,38.0,0.0,37.0,8.0,37.0,12.0,37.0
2,10.0,38.0,6.0,37.0,17.0,38.0,0.0,37.0,5.0,36.0,10.0,38.0,17.0,38.0,0.0,37.0,8.0,37.0,12.0,37.0
3,10.0,38.0,6.0,37.0,17.0,38.0,0.0,37.0,5.0,36.0,10.0,38.0,17.0,38.0,0.0,37.0,8.0,37.0,12.0,37.0
4,10.0,38.0,6.0,37.0,17.0,38.0,0.0,37.0,4.0,37.0,10.0,38.0,17.0,38.0,0.0,37.0,8.0,37.0,12.0,37.0
5,11.0,38.0,6.0,37.0,17.0,38.0,0.0,37.0,4.0,36.0,11.0,38.0,17.0,38.0,0.0,37.0,8.0,37.0,12.0,37.0
6,11.0,38.0,6.0,37.0,17.0,38.0,0.0,37.0,4.0,36.0,11.0,37.0,17.0,38.0,0.0,37.0,8.0,37.0,12.0,37.0
7,11.0,38.0,5.0,37.0,17.0,38.0,0.0,37.0,4.0,37.0,12.0,37.0,17.0,38.0,0.0,37.0,7.0,37.0,12.0,37.0
8,11.0,38.0,5.0,37.0,17.0,38.0,0.0,37.0,4.0,37.0,12.0,37.0,17.0,38.0,0.0,37.0,8.0,37.0,12.0,37.0
9,11.0,38.0,5.0,37.0,17.0,38.0,0.0,37.0,3.0,37.0,12.0,38.0,17.0,38.0,0.0,37.0,8.0,37.0,12.0,37.0
10,11.0,38.0,5.0,37.0,17.0,38.0,0.0,37.0,3.0,37.0,12.0,37.0,17.0,38.0,0.0,37.0,8.0,36.0,12.0,37.0
11,12.0,38.0,5.0,37.0,17.0,38.0,0.0,37.0,3.0,37.0,12.0,37.0,17.0,38.0,0.0,37.0,8.0,37.0,12.0,37.0
12,12.0,38.0,5.0,37.0,17.0,38.0,0.0,37.0,3.0,37.0,12.0,38.0,17.0,38.0,0.0,37.0,9.0,36.0,12.0,37.0
13,12.0,38.0,5.0,37.0,17.0,38.0,0.0,37.0,3.0,37.0,12.0,38.0,17.0,38.0,0.0,37.0,9.0,36.0,12.0,37.0
14,12.0,38.0,5.0,37.0,17.0,38.0,0.0,37.0,3.0,37.0,13.0,38.0,17.0,38.0,0.0,37.0,9.0,36.0,12.0,37.0
15,12.0,38.0,4.0,37.0,17.0,38.0,0.0,37.0,4.0,37.0,13.0,38.0,17.0,38.0,0.0,37.0,10.0,36.0,12.0,37.0
16,12.0,38.0,4.0,37.0,17.0,38.0,0.0,37.0,3.0,37.0,13.0,38.0,17.0,38.0,0.0,37.0,10.0,36.0,12.0,37.0
17,12.0,37.0,4.0,37.0,17.0,38.0,0.0,37.0,3.0,36.0,13.0,38.0,17.0,38.0,0.0,37.0,10.0,36.0,12.0,37.0
18,13.0,38.0,4.0,37.0,17.0,38.0,0.0,37.0,4.0,37.0,13.0,38.0,17.0,38.0,0.0,37.0,10.0,36.0,12.0,37.0
19,13.0,38.0,4.0,37.0,17.0,38.0,0.0,37.0,4.0,37.0,13.0,38.0,17.0,38.0,0.0,37.0,10.0,36.0,12.0,37.0
20,13.0,38.0,5.0,37.0,17.0,38.0,0.0,36.0,4.0,36.0,13.0,38.0,17.0,38.0,0.0,37.0,10.0,36.0,12.0,37.0
21,12.0,38.0,5.0,37.0,17.0,38.0,0.0,36.0,5.0,36.0,13.0,38.0,17.0,38.0,0.0,38.0,11.0,36.0,12.0,37.0
22,12.0,38.0,5.0,36.0,17.0,38.0,0.0,37.0,5.0,37.0,13.0,37.0,17.0,38.0,0.0,37.0,11.0,36.0,12.0,37.0
23,13.0,38.0,6.0,36.0,17.0,38.0,0.0,37.0,5.0,37.0,13.0,38.0,17.0,38.0,0.0,37.0,11.0,35.0,12.0,37.0
24,12.0,38.0,6.0,37.0,17.0,38.0,0.0,37.0,6.0,37.0,13.0,38.0,17.0,38.0,0.0,37.0,11.0,35.0,12.0,37.0
25,12.0,37.0,6.0,37.0,17.0,38.0,0.0,37.0,6.0,37.0,13.0,37.0,17.0,38.0,0.0,37.0,11.0,35.0,12.0,37.0
26,12.0,37.0,7.0,37.0,17.0,38.0,0.0,37.0,6.0,37.0,11.0,37.0,17.0,39.0,0.0,37.0,11.0,35.0,12.0,37.0
27,12.0,37.0,7.0,37.0,17.0,38.0,0.0,37.0,6.0,37.0,11.0,38.0,17.0,38.0,0.0,37.0,11.0,35.0,12.0,37.0
28,11.0,37.0,7.0,36.0,17.0,38.0,0.0,37.0,6.0,37.0,11.0,38.0,17.0,38.0,0.0,37.0,11.0,35.0,12.0,37.0
29,11.0,38.0,7.0,36.0,17.0,38.0,0.0,37.0,6.0,37.0,10.0,38.0,17.0,38.0,0.0,37.0,12.0,35.0,12.0,37.0
30,11.0,38.0,7.0,36.0,17.0,38.0,0.0,37.0,6.0,37.0,10.0,38.0,17.0,38.0,0.0,37.0,12.0,35.0,12.0,37.0
31,10.0,37.0,6.0,36.0,17.0,38.0,0.0,37.0,6.0,37.0,10.0,38.0,17.0,38.0,0.0,37.0,12.0,34.0,12.0,37.0
32,10.0,37.0,6.0,37.0,17.0,38.0,0.0,37.0,6.0,36.0,10.0,38.0,17.0,38.0,0.0,37.0,12.0,34.0,12.0,37.0
33,10.0,37.0,6.0,37.0,17.0,38.0,0.0,37.0,6.0,37.0,10.0,38.0,17.0,38.0,0.0,37.0,12.0,34.0,12.0,37.0
34,11.0,37.0,6.0,37.0,17.0,38.0,0.0,37.0,6.0,37.0,10.0,38.0,17.0,38.0,0.0,37.0,12.0,34.0,12.0,37.0
35,11.0,37.0,6.0,37.0,17.0,38.0,0.0,37.0,6.0,37.0,11.0,38.0,17.0,38.0,0.0,37.0,12.0,34.0,12.0,37.0
36,11.0,37.0,6.0,37.0,17.0,38.0,0.0,37.0,5.0,36.0,11.0,37.0,17.0,38.0,0.0,37.0,12.0,34.0,12.0,37.0
37,11.0,38.0,6.0,36.0,17.0,38.0,0.0,37.0,6.0,37.0,12.0,37.0,17.0,38.0,0.0,37.0,13.0,34.0,12.0,37.0
38,11.0,38.0,6.0,36.0,17.0,38.0,0.0,37.0,5.0,37.0,12.0,37.0,17.0,38.0,0.0,37.0,13.0,34.0,12.0,37.0
39,11.0,37.0,6.0,36.0,17.0,38.0,0.0,37.0,6.0,37.0,12.0,38.0,17.0,38.0,0.0,37.0,13.0,33.0,12.0,37.0
40,12.0,37.0,6.0,37.0,17.0,38.0,0.0,37.0,6.0,36.0,12.0,37.0,17.0,38.0,0.0,37.0,13.0,33.0,12.0,37.0
41,12.0,37.0,5.0,36.0,17.0,38.0,0.0,37.0,6.0,37.0,12.0,37.0,17.0,38.0,0.0,37.0,13.0,33.0,12.0,37.0
42,12.0,37.0,6.0,36.0,17.0,38.0,0.0,37.0,5.0,37.0,12.0,38.0,17.0,38.0,0.0,37.0,13.0,33.0,12.0,37.0
43,12.0,37.0,5.0,37.0,17.0,38.0,0.0,37.0,5.0,36.0,12.0,38.0,17.0,38.0,0.0,37.0,13.0,33.0,12.0,37.0
44,12.0,37.0,5.0,36.0,17.0,38.0,0.0,37.0,5.0,36.0,13.0,38.0,17.0,38.0,0.0,37.0,13.0,33.0,12.0,37.0
45,12.0,37.0,6.0,36.0,17.0,38.0,0.0,37.0,5.0,37.0,13.0,38.0,17.0,38.0,0.0,37.0,14.0,33.0,12.0,37.0
46,12.0,37.0,6.0,36.0,17.0,38.0,0.0,37.0,4.0,37.0,13.0,38.0,17.0,38.0,0.0,37.0,14.0,33.0,12.0,37.0
47,12.0,37.0,5.0,36.0,17.0,38.0,0.0,37.0,4.0,36.0,13.0,38.0,17.0,38.0,0.0,37.0,14.0,32.0,12.0,37.0
48,13.0,37.0,5.0,37.0,17.0,38.0,0.0,37.0,4.0,36.0,13.0,38.0,17.0,38.0,0.0,37.0,14.0,32.0,12.0,37.0
49,13.0,37.0,5.0,36.0,17.0,38.0,0.0,37.0,5.0,36.0,13.0,38.0,17.0,38.0,0.0,37.0,14.0,32.0,12.0,37.0
50,13.0,37.0,5.0,36.0,17.0,38.0,0.0,36.0,6.0,36.0,13.0,38.0,17.0,38.0,0.0,37.0,14.0,32.0,12.0,37.0
51,13.0,37.0,6.0,36.0,17.0,38.0,0.0,36.0,6.0,36.0,13.0,38.0,17.0,38.0,0.0,38.0,14.0,32.0,12.0,37.0
52,13.0,37.0,6.0,36.0,17.0,38.0,0.0,37.0,6.0,36.0,13.0,37.0,17.0,38.0,0.0,37.0,14.0,32.0,12.0,37.0
53,13.0,37.0,7.0,35.0,17.0,38.0,0.0,37.0,6.0,36.0,13.0,38.0,17.0,38.0,0.0,37.0,15.0,32.0,12.0,37.0
54,12.0,37.0,8.0,35.0,17.0,38.0,0.0,37.0,7.0,36.0,13.0,38.0,17.0,38.0,0.0,37.0,15.0,32.0,12.0,37.0
55,13.0,37.0,8.0,35.0,17.0,38.0,0.0,37.0,7.0,36.0,13.0,37.0,17.0,38.0,0.0,37.0,15.0,31.0,12.0,37.0
56,12.0,37.0,7.0,36.0,17.0,38.0,0.0,37.0,7.0,36.0,11.0,37.0,17.0,39.0,0.0,37.0,15.0,31.0,12.0,37.0
57,12.0,37.0,7.0,36.0,17.0,38.0,0.0,37.0,7.0,36.0,11.0,38.0,17.0,38.0,0.0,37.0,15.0,31.0,12.0,37.0
58,12.0,37.0,7.0,36.0,17.0,38.0,0.0,37.0,8.0,36.0,11.0,38.0,17.0,38.0,0.0,37.0,15.0,31.0,12.0,37.0
59,11.0,36.0,8.0,36.0,17.0,38.0,0.0,37.0,7.0,36.0,10.0,38.0,17.0,38.0,0.0,37.0,15.0,31.0,12.0,37.0
60,11.0,37.0,8.0,35.0,17.0,38.0,0.0,37.0,7.0,37.0,10.0,38.0,17.0,38.0,0.0,37.0,15.0,31.0,12.0,37.0
61,11.0,37.0,8.0,35.0,17.0,38.0,0.0,37.0,8.0,36.0,10.0,38.0,17.0,38.0,0.0,37.0,16.0,31.0,12.0,37.0
62,11.0,37.0,8.0,36.0,17.0,38.0,0.0,37.0,7.0,36.0,10.0,38.0,17.0,38.0,0.0,37.0,16.0,31.0,12.0,37.0
63,11.0,37.0,7.0,36.0,17.0,38.0,0.0,37.0,6.0,36.0,10.0,38.0,17.0,38.0,0.0,37.0,16.0,30.0,12.0,37.0
64,11.0,36.0,7.0,36.0,17.0,38.0,0.0,37.0,7.0,36.0,10.0,38.0,17.0,38.0,0.0,37.0,16.0,30.0,12.0,37.0
65,12.0,35.0,7.0,36.0,17.0,38.0,0.0,37.0,7.0,36.0,11.0,38.0,17.0,38.0,0.0,37.0,16.0,30.0,12.0,37.0
66,12.0,36.0,7.0,36.0,17.0,38.0,0.0,37.0,7.0,36.0,11.0,37.0,17.0,38.0,0.0,37.0,16.0,30.0,12.0,37.0
67,12.0,36.0,7.0,36.0,17.0,38.0,0.0,37.0,7.0,36.0,12.0,37.0,17.0,38.0,0.0,37.0,16.0,30.0,12.0,37.0
68,12.0,37.0,7.0,35.0,17.0,38.0,0.0,37.0,6.0,36.0,12.0,37.0,17.0,38.0,0.0,37.0,16.0,30.0,12.0,37.0
69,12.0,37.0,7.0,35.0,17.0,38.0,0.0,37.0,7.0,36.0,12.0,38.0,17.0,38.0,0.0,37.0,17.0,30.0,12.0,37.0
70,12.0,37.0,8.0,35.0,17.0,38.0,0.0,37.0,7.0,36.0,12.0,37.0,17.0,38.0,0.0,37.0,17.0,30.0,12.0,37.0
71,12.0,37.0,7.0,35.0,17.0,38.0,0.0,37.0,6.0,36.0,12.0,37.0,17.0,38.0,0.0,37.0,17.0,29.0,12.0,37.0
72,12.0,36.0,6.0,36.0,17.0,38.0,0.0,37.0,6.0,36.0,12.0,38.0,17.0,38.0,0.0,37.0,17.0,29.0,12.0,37.0
73,13.0,36.0,6.0,36.0,17.0,38.0,0.0,37.0,7.0,36.0,12.0,38.0,17.0,38.0,0.0,37.0,17.0,29.0,12.0,37.0
74,13.0,36.0,6.0,36.0,17.0,38.0,0.0,37.0,6.0,36.0,13.0,38.0,17.0,38.0,0.0,37.0,17.0,29.0,12.0,37.0
75,13.0,36.0,6.0,35.0,17.0,38.0,0.0,37.0,6.0,36.0,13.0,38.0,17.0,38.0,0.0,37.0,17.0,29.0,12.0,37.0
76,13.0,36.0,8.0,35.0,17.0,38.0,0.0,37.0,6.0,36.0,13.0,38.0,17.0,38.0,0.0,37.0,17.0,29.0,12.0,37.0
77,13.0,36.0,7.0,35.0,17.0,38.0,0.0,37.0,7.0,35.0,13.0,38.0,17.0,38.0,0.0,37.0,18.0,29.0,12.0,37.0
78,13.0,36.0,7.0,35.0,17.0,38.0,0.0,37.0,5.0,36.0,13.0,38.0,17.0,38.0,0.0,37.0,18.0,29.0,12.0,37.0
79,13.0,36.0,7.0,35.0,17.0,38.0,0.0,37.0,6.0,36.0,13.0,38.0,17.0,38.0,0.0,37.0,18.0,28.0,12.0,37.0
80,13.0,36.0,6.0,36.0,17.0,38.0,0.0,36.0,7.0,36.0,13.0,38.0,17.0,38.0,0.0,37.0,18.0,28.0,12.0,37.0
81,13.0,35.0,7.0,36.0,17.0,38.0,0.0,36.0,8.0,35.0,13.0,38.0,17.0,38.0,0.0,38.0,18.0,28.0,12.0,37.0
82,13.0,36.0,7.0,35.0,17.0,38.0,0.0,37.0,9.0,35.0,13.0,37.0,17.0,38.0,0.0,37.0,18.0,28.0,12.0,37.0
83,13.0,36.0,8.0,35.0,17.0,38.0,0.0,37.0,7.0,36.0,13.0,38.0,17.0,38.0,0.0,37.0,18.0,28.0,12.0,37.0
84,13.0,37.0,9.0,34.0,17.0,38.0,0.0,37.0,9.0,35.0,13.0,38.0,17.0,38.0,0.0,37.0,18.0,28.0,12.0,37.0
85,13.0,37.0,10.0,33.0,17.0,38.0,0.0,37.0,10.0,34.0,13.0,37.0,17.0,38.0,0.0,37.0,19.0,28.0,12.0,37.0
86,13.0,36.0,10.0,34.0,17.0,38.0,0.0,37.0,8.0,35.0,11.0,37.0,17.0,39.0,0.0,37.0,19.0,28.0,12.0,37.0
87,12.0,36.0,9.0,34.0,17.0,38.0,0.0,37.0,8.0,35.0,11.0,38.0,17.0,38.0,0.0,37.0,19.0,27.0,12.0,37.0
88,13.0,35.0,8.0,35.0,17.0,38.0,0.0,37.0,8.0,35.0,11.0,38.0,17.0,38.0,0.0,37.0,19.0,27.0,12.0,37.0
89,12.0,35.0,8.0,35.0,17.0,38.0,0.0,37.0,8.0,35.0,10.0,38.0,17.0,38.0,0.0,37.0,19.0,27.0,12.0,37.0
90,13.0,35.0,9.0,35.0,17.0,38.0,0.0,37.0,9.0,35.0,10.0,38.0,17.0,38.0,0.0,37.0,19.0,27.0,12.0,37.0
91,12.0,35.0,9.0,34.0,17.0,38.0,0.0,37.0,9.0,35.0,10.0,38.0,17.0,38.0,0.0,37.0,19.0,27.0,12.0,37.0
92,11.0,36.0,9.0,35.0,17.0,38.0,0.0,37.0,8.0,35.0,10.0,38.0,17.0,38.0,0.0,37.0,19.0,27.0,12.0,37.0
93,11.0,36.0,9.0,34.0,17.0,38.0,0.0,37.0,8.0,35.0,10.0,38.0,17.0,38.0,0.0,37.0,20.0,27.0,12.0,37.0
94,12.0,36.0,9.0,34.0,17.0,38.0,0.0,37.0,8.0,35.0,10.0,38.0,17.0,38.0,0.0,37.0,20.0,27.0,12.0,37.0
95,13.0,35.0,8.0,35.0,17.0,38.0,0.0,37.0,8.0,35.0,11.0,38.0,17.0,38.0,0.0,37.0,20.0,26.0,12.0,37.0
96,13.0,34.0,7.0,36.0,17.0,38.0,0.0,37.0,8.0,35.0,11.0,37.0,17.0,38.0,0.0,37.0,20.0,26.0,12.0,37.0
97,13.0,35.0,8.0,35.0,17.0,38.0,0.0,37.0,8.0,35.0,12.0,37.0,17.0,38.0,0.0,37.0,20.0,26.0,12.0,37.0
98,13.0,35.0,8.0,35.0,17.0,38.0,0.0,37.0,7.0,35.0,12.0,37.0,17.0,38.0,0.0,37.0,20.0,26.0,12.0,37.0
99,13.0,35.0,8.0,35.0,17.0,38.0,0.0,37.0,8.0,35.0,12.0,38.0,17.0,38.0,0.0,37.0,20.0,26.0,12.0,37.0
