MIDDLE BLOCKS HISTORY | PATTERN SELECTED : GLIDER | LAUNCH DATE : 2023/08/07 13:47:52

Ticks,Middle Block 0 X,Middle Block 0 Y,Middle Block 1 X,Middle Block 1 Y,Middle Block 2 X,Middle Block 2 Y,Middle Block 3 X,Middle Block 3 Y,Middle Block 4 X,Middle Block 4 Y
0,0.0,39.0,0.0,39.0,,,
1,0.0,39.0,0.0,39.0,0.0,40.0,,
2,0.0,39.0,0.0,39.0,0.0,40.0,,
3,0.0,39.0,0.0,39.0,0.0,40.0,,
4,0.0,39.0,0.0,39.0,0.0,40.0,0.0,40.0,
5,0.0,39.0,0.0,39.0,0.0,40.0,0.0,40.0,
6,0.0,39.0,0.0,39.0,0.0,40.0,0.0,40.0,0.0,40.0
7,0.0,39.0,0.0,39.0,0.0,40.0,0.0,40.0,0.0,40.0
8,0.0,39.0,0.0,39.0,0.0,40.0,0.0,40.0,0.0,40.0
9,0.0,39.0,0.0,39.0,0.0,40.0,0.0,40.0,0.0,40.0
10,0.0,39.0,0.0,39.0,0.0,40.0,0.0,40.0,0.0,40.0
11,0.0,39.0,0.0,39.0,0.0,40.0,0.0,40.0,0.0,40.0
12,0.0,39.0,0.0,39.0,0.0,40.0,0.0,40.0,0.0,40.0
13,1.0,39.0,0.0,39.0,0.0,40.0,0.0,40.0,0.0,40.0
14,1.0,39.0,0.0,39.0,0.0,40.0,0.0,40.0,0.0,40.0
15,1.0,39.0,0.0,39.0,0.0,40.0,0.0,40.0,0.0,40.0
16,0.0,38.0,1.0,39.0,0.0,40.0,0.0,40.0,0.0,40.0
17,0.0,38.0,0.0,38.0,0.0,40.0,0.0,40.0,0.0,40.0
18,0.0,38.0,0.0,38.0,0.0,40.0,0.0,40.0,0.0,40.0
19,0.0,38.0,0.0,38.0,0.0,40.0,0.0,40.0,0.0,40.0
20,1.0,38.0,0.0,38.0,0.0,40.0,0.0,40.0,0.0,40.0
21,0.0,38.0,1.0,38.0,0.0,40.0,0.0,40.0,0.0,40.0
22,1.0,38.0,1.0,38.0,0.0,40.0,0.0,40.0,0.0,40.0
23,1.0,38.0,1.0,38.0,0.0,40.0,0.0,40.0,0.0,40.0
24,1.0,38.0,1.0,38.0,0.0,40.0,0.0,40.0,0.0,40.0
25,1.0,38.0,1.0,38.0,0.0,40.0,0.0,40.0,0.0,40.0
26,1.0,38.0,1.0,38.0,0.0,40.0,0.0,40.0,0.0,40.0
27,1.0,38.0,1.0,38.0,0.0,40.0,0.0,40.0,0.0,40.0
28,1.0,38.0,1.0,38.0,0.0,40.0,0.0,40.0,0.0,40.0
29,2.0,38.0,1.0,38.0,0.0,40.0,0.0,40.0,0.0,40.0
30,2.0,38.0,1.0,38.0,0.0,40.0,0.0,40.0,0.0,40.0
31,2.0,37.0,1.0,38.0,0.0,40.0,0.0,40.0,0.0,40.0
32,1.0,37.0,1.0,38.0,0.0,40.0,0.0,40.0,0.0,40.0
33,1.0,37.0,1.0,37.0,0.0,40.0,0.0,40.0,0.0,40.0
34,1.0,37.0,1.0,37.0,0.0,40.0,0.0,40.0,0.0,40.0
35,1.0,37.0,1.0,37.0,0.0,40.0,0.0,40.0,0.0,40.0
36,1.0,37.0,1.0,37.0,0.0,40.0,0.0,40.0,0.0,40.0
37,2.0,37.0,1.0,37.0,0.0,40.0,0.0,40.0,0.0,40.0
38,2.0,37.0,1.0,37.0,0.0,40.0,0.0,40.0,0.0,40.0
39,2.0,37.0,2.0,37.0,0.0,40.0,0.0,40.0,0.0,40.0
40,2.0,37.0,1.0,37.0,0.0,40.0,0.0,40.0,0.0,40.0
41,2.0,37.0,1.0,37.0,0.0,40.0,0.0,40.0,0.0,40.0
42,2.0,37.0,2.0,37.0,0.0,40.0,0.0,40.0,0.0,40.0
43,2.0,36.0,2.0,37.0,0.0,40.0,0.0,40.0,0.0,40.0
44,2.0,36.0,2.0,37.0,0.0,40.0,0.0,40.0,0.0,40.0
45,2.0,36.0,2.0,37.0,0.0,40.0,0.0,40.0,0.0,40.0
46,2.0,36.0,2.0,37.0,0.0,40.0,0.0,40.0,0.0,40.0
47,2.0,36.0,2.0,36.0,0.0,40.0,0.0,40.0,0.0,40.0
48,2.0,36.0,2.0,36.0,0.0,40.0,0.0,40.0,0.0,40.0
49,2.0,36.0,2.0,36.0,0.0,40.0,0.0,40.0,0.0,40.0
50,2.0,36.0,2.0,36.0,0.0,40.0,0.0,40.0,0.0,40.0
51,3.0,36.0,2.0,36.0,0.0,40.0,0.0,40.0,0.0,40.0
52,3.0,36.0,2.0,36.0,0.0,40.0,0.0,40.0,0.0,40.0
53,2.0,36.0,2.0,36.0,0.0,40.0,0.0,40.0,0.0,40.0
54,3.0,36.0,2.0,36.0,0.0,40.0,0.0,40.0,0.0,40.0
55,3.0,36.0,2.0,36.0,0.0,40.0,0.0,40.0,0.0,40.0
56,3.0,36.0,3.0,36.0,0.0,40.0,0.0,40.0,0.0,40.0
57,3.0,36.0,3.0,36.0,0.0,40.0,0.0,40.0,0.0,40.0
58,3.0,36.0,3.0,36.0,0.0,40.0,0.0,40.0,0.0,40.0
59,3.0,36.0,3.0,36.0,0.0,40.0,0.0,40.0,0.0,40.0
60,3.0,35.0,3.0,36.0,0.0,40.0,0.0,40.0,0.0,40.0
61,3.0,35.0,3.0,35.0,0.0,40.0,0.0,40.0,0.0,40.0
62,3.0,35.0,3.0,35.0,0.0,40.0,0.0,40.0,0.0,40.0
63,3.0,35.0,3.0,35.0,0.0,40.0,0.0,40.0,0.0,40.0
64,4.0,35.0,3.0,35.0,0.0,40.0,0.0,40.0,0.0,40.0
65,4.0,35.0,3.0,35.0,0.0,40.0,0.0,40.0,0.0,40.0
66,4.0,35.0,3.0,35.0,0.0,40.0,0.0,40.0,0.0,40.0
67,4.0,35.0,3.0,35.0,0.0,40.0,0.0,40.0,0.0,40.0
68,4.0,35.0,4.0,35.0,0.0,40.0,0.0,40.0,0.0,40.0
69,4.0,35.0,3.0,35.0,0.0,40.0,0.0,40.0,0.0,40.0
70,4.0,35.0,4.0,35.0,0.0,40.0,0.0,40.0,0.0,40.0
71,4.0,35.0,4.0,35.0,0.0,40.0,0.0,40.0,0.0,40.0
72,4.0,34.0,4.0,35.0,0.0,40.0,0.0,40.0,0.0,40.0
73,4.0,34.0,4.0,35.0,0.0,40.0,0.0,40.0,0.0,40.0
74,4.0,34.0,4.0,35.0,0.0,40.0,0.0,40.0,0.0,40.0
75,4.0,34.0,4.0,34.0,0.0,40.0,0.0,40.0,0.0,40.0
76,4.0,34.0,4.0,35.0,0.0,40.0,0.0,40.0,0.0,40.0
77,4.0,34.0,4.0,34.0,0.0,40.0,0.0,40.0,0.0,40.0
78,5.0,34.0,4.0,34.0,0.0,40.0,0.0,40.0,0.0,40.0
79,5.0,34.0,4.0,34.0,0.0,40.0,0.0,40.0,0.0,40.0
80,5.0,34.0,4.0,34.0,0.0,40.0,0.0,40.0,0.0,40.0
81,5.0,34.0,4.0,34.0,0.0,40.0,0.0,40.0,0.0,40.0
82,5.0,34.0,4.0,34.0,0.0,40.0,0.0,40.0,0.0,40.0
83,5.0,34.0,4.0,34.0,0.0,40.0,0.0,40.0,0.0,40.0
84,5.0,34.0,4.0,34.0,0.0,40.0,0.0,40.0,0.0,40.0
85,5.0,33.0,5.0,34.0,0.0,40.0,0.0,40.0,0.0,40.0
86,5.0,34.0,5.0,34.0,0.0,40.0,0.0,40.0,0.0,40.0
87,5.0,33.0,5.0,34.0,0.0,40.0,0.0,40.0,0.0,40.0
88,5.0,33.0,5.0,34.0,0.0,40.0,0.0,40.0,0.0,40.0
89,5.0,33.0,5.0,34.0,0.0,40.0,0.0,40.0,0.0,40.0
90,5.0,33.0,5.0,34.0,0.0,40.0,0.0,40.0,0.0,40.0
91,5.0,33.0,5.0,34.0,0.0,40.0,0.0,40.0,0.0,40.0
92,6.0,33.0,5.0,33.0,0.0,40.0,0.0,40.0,0.0,40.0
93,6.0,33.0,5.0,33.0,0.0,40.0,0.0,40.0,0.0,40.0
94,6.0,33.0,5.0,33.0,0.0,40.0,0.0,40.0,0.0,40.0
95,6.0,33.0,5.0,33.0,0.0,40.0,0.0,40.0,0.0,40.0
96,6.0,33.0,6.0,33.0,0.0,40.0,0.0,40.0,0.0,40.0
97,6.0,33.0,5.0,33.0,0.0,40.0,0.0,40.0,0.0,40.0
98,6.0,33.0,5.0,33.0,0.0,40.0,0.0,40.0,0.0,40.0
99,6.0,33.0,6.0,33.0,0.0,40.0,0.0,40.0,0.0,40.0
